function y = infbench_lumpy(x,infprob)
%INFBENCH_LUMPY Inference benchmark log pdf -- lumpy density.

if isempty(x)
    if isempty(infprob) % Generate this document        
        fprintf('switch D\n');
        for D = 1:20
            M = 12; % Number of lumpy components            
            Mu = rand(M,D);
            Sigma = zeros(M,D,D);
            for m = 1:M
                ell2 = linspace(0.2,0.6,D).^2;
                Sigma(m,:,:) = diag(ell2(randperm(D)));                
            end
            w = -log(rand(M,1));    % Dirichlet distribution with alpha=1
            w = w / sum(w);
            
            options.Display = 'off';
            np = @(x) -pdf(x,w,Mu,Sigma);
            xmin = zeros(M,D); fval = zeros(M,1);
            for m = 1:M
                [xmin(m,:),fval(m)] = fminunc(np,Mu(m,:),options);
            end
            [~,idx] = min(fval);
            Mode = xmin(idx,:);
            Mean = sum(bsxfun(@times,w(:),Mu),1);
            Cov = zeros(D,D);
            for m = 1:M
                Cov = Cov + w(m)*squeeze(Sigma(m,:,:)) + w(m)*Mu(m,:)'*Mu(m,:);
            end
            
            fprintf('\tcase %d\n',D);
            fprintf('\t\tM = %d;\n',M);            
            fprintf('\t\tw = %s;\n',mat2str(w));
            fprintf('\t\tMu = %s;\n',mat2str(Mu));
            fprintf('\t\t');
            for m = 1:M
                fprintf('Sigma(%d,:,:) = %s; ',m,mat2str(squeeze(Sigma(m,:,:))));
            end
            fprintf('\n');
            fprintf('\t\tMean = %s;\n',mat2str(Mean));
            fprintf('\t\tCov = %s;\n',mat2str(Cov));            
            fprintf('\t\tMode = %s;\n',mat2str(Mode));
        end
        fprintf('\totherwise\n\t\terror(''%s:TooHighDim'',''Benchmark function supports up to D=20 dimensions.'');\n',mfilename);
        fprintf('end\n');
        
    else
        D = infprob(1);         % Call with the number of dimensions
        
        switch D
            case 1
                M = 12;
                w = [0.211819385397433;0.0248285841551372;0.0539426286126636;0.406271809603391;0.0545973472233874;0.0419980881824929;0.0110016446585193;0.0117006935370496;0.0112052760118349;0.00550562556749245;0.0431792674319963;0.123949649618602];
                Mu = [0.426595861059095;0.49580365141764;0.299828718440713;0.132929179363295;0.520427744759346;0.392214900210017;0.129557346584077;0.112419394009443;0.961383547046451;0.119513678553988;0.176226029308076;0.795045149318102];
                Sigma(1,:,:) = 0.36; Sigma(2,:,:) = 0.36; Sigma(3,:,:) = 0.36; Sigma(4,:,:) = 0.36; Sigma(5,:,:) = 0.36; Sigma(6,:,:) = 0.36; Sigma(7,:,:) = 0.36; Sigma(8,:,:) = 0.36; Sigma(9,:,:) = 0.36; Sigma(10,:,:) = 0.36; Sigma(11,:,:) = 0.36; Sigma(12,:,:) = 0.36; 
                Mean = 0.338062726358438;
                Cov = 0.528384298839006;
                Mode = 0.322500322891444;
            case 2
                M = 12;
                w = [0.00610981725606147;0.193382963344529;0.1028643713412;0.0301009356696532;0.0123256663982638;0.0903387944770767;0.0945766627747711;0.0887285922218372;0.0584729292535299;0.060482627854907;0.151323410138618;0.111293229269552];
                Mu = [0.534053494906005 0.242261196380832;0.233820026787185 0.357124274504822;0.934979606792916 0.351551475054385;0.971144583933454 0.071309880845551;0.0915204701378903 0.977442422513611;0.396873074958863 0.219589029750139;0.583292816581164 0.738464522268503;0.109516375675335 0.921632195790861;0.742098718125347 0.656784910645815;0.0528497453430677 0.494861865810706;0.221297609100474 0.889092752129338;0.227158699859397 0.635253105588645];
                Sigma(1,:,:) = [0.36 0;0 0.04]; Sigma(2,:,:) = [0.36 0;0 0.04]; Sigma(3,:,:) = [0.36 0;0 0.04]; Sigma(4,:,:) = [0.04 0;0 0.36]; Sigma(5,:,:) = [0.36 0;0 0.04]; Sigma(6,:,:) = [0.36 0;0 0.04]; Sigma(7,:,:) = [0.04 0;0 0.36]; Sigma(8,:,:) = [0.04 0;0 0.36]; Sigma(9,:,:) = [0.04 0;0 0.36]; Sigma(10,:,:) = [0.36 0;0 0.04]; Sigma(11,:,:) = [0.04 0;0 0.36]; Sigma(12,:,:) = [0.36 0;0 0.04]; 
                Mean = [0.38111034828465 0.565926812950214];
                Cov = [0.448300469884086 0.18741817936061;0.18741817936061 0.560952710700915];
                Mode = [0.260882295377349 0.421045401475532];
            case 3
                M = 12;
                w = [0.00538450929445945;0.0291941562270831;0.146540662967936;0.0105263618515938;0.0300423465200413;0.138277907409199;0.00634516558291914;0.0868274635389968;0.152257687387014;0.0752501281754259;0.0160901163849176;0.303263494660414];
                Mu = [0.158914368274717 0.106744060166961 0.594318202541008;0.324536270447097 0.459006300911054 0.394564515959727;0.111360722340391 0.0157521507941009 0.866453694767861;0.110139669840855 0.822666486685558 0.56636320216273;0.287674441015465 0.571798788390433 0.47084455416835;0.163950936162882 0.132472709116704 0.722735293773824;0.602151096724086 0.947857210220282 0.938242039232696;0.560562832336263 0.599917117182698 0.843091578802377;0.250207886582343 0.220796397613588 0.651517318872268;0.377432516107444 0.652998753463999 0.629266393939894;0.0105975037522833 0.0154671108219236 0.963763330343559;0.864653196253392 0.926887166668443 0.0505164368466032];
                Sigma(1,:,:) = [0.16 0 0;0 0.04 0;0 0 0.36]; Sigma(2,:,:) = [0.36 0 0;0 0.04 0;0 0 0.16]; Sigma(3,:,:) = [0.16 0 0;0 0.04 0;0 0 0.36]; Sigma(4,:,:) = [0.04 0 0;0 0.16 0;0 0 0.36]; Sigma(5,:,:) = [0.04 0 0;0 0.36 0;0 0 0.16]; Sigma(6,:,:) = [0.16 0 0;0 0.04 0;0 0 0.36]; Sigma(7,:,:) = [0.16 0 0;0 0.36 0;0 0 0.04]; Sigma(8,:,:) = [0.04 0 0;0 0.36 0;0 0 0.16]; Sigma(9,:,:) = [0.16 0 0;0 0.36 0;0 0 0.04]; Sigma(10,:,:) = [0.16 0 0;0 0.36 0;0 0 0.04]; Sigma(11,:,:) = [0.04 0 0;0 0.16 0;0 0 0.36]; Sigma(12,:,:) = [0.16 0 0;0 0.04 0;0 0 0.36]; 
                Mean = [0.44050087191161 0.482638998410755 0.518269688968416];
                Cov = [0.436544831194984 0.316423627640067 0.140220430495194;0.316423627640067 0.518050361825134 0.150683017154761;0.140220430495194 0.150683017154761 0.632129789882775];
                Mode = [0.237145485143064 0.111293193308289 0.663157860790421];
            case 4
                M = 12;
                w = [0.00732193766809207;0.142784142687219;0.0462317361352228;0.289408046769229;0.182662418185423;0.0421328723437157;0.00903777534315946;0.0783221495216924;0.0480072095585171;0.0225434279673369;0.0583060023506812;0.073242281469711];
                Mu = [0.839015760343284 0.228723417852982 0.474700733794313 0.374846455824096;0.139007404593695 0.0968038091447875 0.80551911460551 0.752179053633627;0.157594056019976 0.599283176863265 0.909026592306639 0.917081265522095;0.969444365596913 0.736360211264176 0.86756119730404 0.666854288215826;0.602881303535285 0.0198844957009388 0.783345460450632 0.25392472609382;0.433848809864908 0.477427257314609 0.304493899147327 0.978589702711527;0.449816334680943 0.731371346517002 0.423446187455501 0.758200047952322;0.936087259504795 0.0849711226924509 0.420380762049257 0.550861836098155;0.984478165274295 0.515381198179229 0.106793285047649 0.328099494999585;0.88746355748644 0.334525595136881 0.67560066125689 0.0954294685771651;0.157609992396607 0.393761987022672 0.285513240749641 0.12729032690969;0.852084752406993 0.306759428349095 0.307115837567076 0.169516079763707];
                Sigma(1,:,:) = [0.36 0 0 0;0 0.217777777777778 0 0;0 0 0.04 0;0 0 0 0.111111111111111]; Sigma(2,:,:) = [0.36 0 0 0;0 0.217777777777778 0 0;0 0 0.04 0;0 0 0 0.111111111111111]; Sigma(3,:,:) = [0.04 0 0 0;0 0.36 0 0;0 0 0.217777777777778 0;0 0 0 0.111111111111111]; Sigma(4,:,:) = [0.04 0 0 0;0 0.111111111111111 0 0;0 0 0.36 0;0 0 0 0.217777777777778]; Sigma(5,:,:) = [0.111111111111111 0 0 0;0 0.36 0 0;0 0 0.04 0;0 0 0 0.217777777777778]; Sigma(6,:,:) = [0.04 0 0 0;0 0.111111111111111 0 0;0 0 0.36 0;0 0 0 0.217777777777778]; Sigma(7,:,:) = [0.217777777777778 0 0 0;0 0.36 0 0;0 0 0.04 0;0 0 0 0.111111111111111]; Sigma(8,:,:) = [0.111111111111111 0 0 0;0 0.04 0 0;0 0 0.36 0;0 0 0 0.217777777777778]; Sigma(9,:,:) = [0.111111111111111 0 0 0;0 0.217777777777778 0 0;0 0 0.36 0;0 0 0 0.04]; Sigma(10,:,:) = [0.111111111111111 0 0 0;0 0.36 0 0;0 0 0.04 0;0 0 0 0.217777777777778]; Sigma(11,:,:) = [0.04 0 0 0;0 0.217777777777778 0 0;0 0 0.36 0;0 0 0 0.111111111111111]; Sigma(12,:,:) = [0.36 0 0 0;0 0.217777777777778 0 0;0 0 0.04 0;0 0 0 0.111111111111111]; 
                Mean = [0.658493640119909 0.371033656899971 0.663763472338666 0.520885507228268];
                Cov = [0.681398142991326 0.288223093039742 0.433661723680378 0.329495222405942;0.288223093039742 0.427066772692188 0.257758362528035 0.223398642611308;0.433661723680378 0.257758362528035 0.717675135204763 0.372783903926549;0.329495222405942 0.223398642611308 0.372783903926549 0.512208344114876];
                Mode = [0.93694852385871 0.657213573836524 0.778343666470345 0.562005415809773];
            case 5
                M = 12;
                w = [0.0694042820211845;0.0642976744389343;0.231331422433609;0.0478067280456748;0.0234472898944673;0.167421420951353;0.0603732721415346;0.0177216423114853;0.0328750732402844;0.104942375243311;0.113698464699126;0.0666803545790356];
                Mu = [0.814938613903611 0.64800523722966 0.248440470949226 0.15738234650683 0.0117819589347063;0.0181467515974386 0.34379681579011 0.142191203642953 0.0469970395235093 0.456027483921175;0.781666428264277 0.584848940464796 0.537427107384388 0.0913249061096135 0.0244817526286522;0.947144982996614 0.770725829870189 0.606526724856214 0.254557752014917 0.413964348199486;0.407148688363514 0.155807336492141 0.841319976599237 0.97722375253458 0.398056798449707;0.152540683356828 0.68403499940533 0.0667202576622752 0.941710501755667 0.908197625516802;0.833813495273665 0.493755633931167 0.963544910559469 0.124119783144671 0.268441746760423;0.0990648157742349 0.503505957732112 0.420816074767655 0.978108402413185 0.376415442712334;0.835407614795402 0.353235519529314 0.662443307221906 0.262817838609836 0.2311646691101;0.58062294002151 0.292997835109526 0.229084707602932 0.235167982902971 0.0538851265388124;0.707766408101283 0.638619149001726 0.379148058422103 0.609341985991426 0.401089170519022;0.326092780166341 0.428632833974482 0.205848586901489 0.333813332361278 0.996205359446046];
                Sigma(1,:,:) = [0.36 0 0 0 0;0 0.09 0 0 0;0 0 0.04 0 0;0 0 0 0.16 0;0 0 0 0 0.25]; Sigma(2,:,:) = [0.36 0 0 0 0;0 0.09 0 0 0;0 0 0.04 0 0;0 0 0 0.16 0;0 0 0 0 0.25]; Sigma(3,:,:) = [0.04 0 0 0 0;0 0.16 0 0 0;0 0 0.09 0 0;0 0 0 0.36 0;0 0 0 0 0.25]; Sigma(4,:,:) = [0.04 0 0 0 0;0 0.16 0 0 0;0 0 0.36 0 0;0 0 0 0.25 0;0 0 0 0 0.09]; Sigma(5,:,:) = [0.16 0 0 0 0;0 0.04 0 0 0;0 0 0.09 0 0;0 0 0 0.36 0;0 0 0 0 0.25]; Sigma(6,:,:) = [0.36 0 0 0 0;0 0.16 0 0 0;0 0 0.25 0 0;0 0 0 0.04 0;0 0 0 0 0.09]; Sigma(7,:,:) = [0.16 0 0 0 0;0 0.09 0 0 0;0 0 0.25 0 0;0 0 0 0.04 0;0 0 0 0 0.36]; Sigma(8,:,:) = [0.36 0 0 0 0;0 0.25 0 0 0;0 0 0.09 0 0;0 0 0 0.04 0;0 0 0 0 0.16]; Sigma(9,:,:) = [0.09 0 0 0 0;0 0.36 0 0 0;0 0 0.04 0 0;0 0 0 0.25 0;0 0 0 0 0.16]; Sigma(10,:,:) = [0.36 0 0 0 0;0 0.25 0 0 0;0 0 0.09 0 0;0 0 0 0.04 0;0 0 0 0 0.16]; Sigma(11,:,:) = [0.16 0 0 0 0;0 0.09 0 0 0;0 0 0.04 0 0;0 0 0 0.36 0;0 0 0 0 0.25]; Sigma(12,:,:) = [0.09 0 0 0 0;0 0.04 0 0 0;0 0 0.16 0 0;0 0 0 0.36 0;0 0 0 0 0.25]; 
                Mean = [0.561623657381909 0.539679396990017 0.378885390906196 0.377502948456158 0.36514033944892];
                Cov = [0.606935754410627 0.31066725465437 0.264978992028425 0.156181570979005 0.12910792829449;0.31066725465437 0.45937314686093 0.20071760217944 0.217764580924275 0.207936755862319;0.264978992028425 0.20071760217944 0.335630128130416 0.108416717664812 0.0931337630598323;0.156181570979005 0.217764580924275 0.108416717664812 0.465595050248851 0.221196849721561;0.12910792829449 0.207936755862319 0.0931337630598323 0.221196849721561 0.46511562582633];
                Mode = [0.781159303576172 0.570455340942198 0.412659791330099 0.205940584475419 0.150430330556501];
            case 6
                M = 12;
                w = [0.0271492288983508;0.0949272701646692;0.0162571977980522;0.0623259253239077;0.0551239001615028;0.0162290039247149;0.0111438728417313;0.199615420313683;0.322174279485355;0.0120527263848729;0.00272853573556131;0.180272638967599];
                Mu = [0.516672361921736 0.19744566461942 0.474108310362508 0.686864933812839 0.843087902903039 0.32385272916134;0.914984824468833 0.481647651995756 0.290532411012155 0.766048532893745 0.83157579856299 0.74028422360852;0.625667577477009 0.551113908215287 0.921943971292179 0.154260031581581 0.846602601637538 0.342515573006111;0.329744517702661 0.741371090862657 0.893614604929 0.39304998611742 0.0971367691492551 0.488072201782804;0.523008825045587 0.502458627277296 0.938572459156136 0.701948821708684 0.0867633387561255 0.752008998484109;0.496503621856638 0.33707369496356 0.301044110828746 0.820049553837947 0.877204101302042 0.741977237944033;0.949614780256498 0.0183184360812803 0.818537972780379 0.803130724499832 0.839087920249155 0.301914008778714;0.375364830956508 0.997179013493266 0.862518631745417 0.436385321078927 0.526497908988449 0.551426732486208;0.299051092866076 0.606928703746658 0.51006668686981 0.959555019547771 0.804973875451668 0.57461388739163;0.532068427885969 0.925246899762795 0.394098792912942 0.384591661841021 0.822598165085885 0.608472095631067;0.536182616363694 0.661826520601212 0.242957205416024 0.345379128385797 0.774188280352189 0.854559731162564;0.358257571992625 0.130644444787402 0.203432177255741 0.0931463933727027 0.60710830389235 0.275709327924291];
                Sigma(1,:,:) = [0.1296 0 0 0 0 0;0 0.2704 0 0 0 0;0 0 0.04 0 0 0;0 0 0 0.0784 0 0;0 0 0 0 0.1936 0;0 0 0 0 0 0.36]; Sigma(2,:,:) = [0.2704 0 0 0 0 0;0 0.1296 0 0 0 0;0 0 0.1936 0 0 0;0 0 0 0.36 0 0;0 0 0 0 0.0784 0;0 0 0 0 0 0.04]; Sigma(3,:,:) = [0.1296 0 0 0 0 0;0 0.36 0 0 0 0;0 0 0.1936 0 0 0;0 0 0 0.0784 0 0;0 0 0 0 0.04 0;0 0 0 0 0 0.2704]; Sigma(4,:,:) = [0.04 0 0 0 0 0;0 0.2704 0 0 0 0;0 0 0.0784 0 0 0;0 0 0 0.1936 0 0;0 0 0 0 0.36 0;0 0 0 0 0 0.1296]; Sigma(5,:,:) = [0.0784 0 0 0 0 0;0 0.36 0 0 0 0;0 0 0.1936 0 0 0;0 0 0 0.1296 0 0;0 0 0 0 0.2704 0;0 0 0 0 0 0.04]; Sigma(6,:,:) = [0.1296 0 0 0 0 0;0 0.36 0 0 0 0;0 0 0.2704 0 0 0;0 0 0 0.1936 0 0;0 0 0 0 0.0784 0;0 0 0 0 0 0.04]; Sigma(7,:,:) = [0.04 0 0 0 0 0;0 0.36 0 0 0 0;0 0 0.2704 0 0 0;0 0 0 0.1296 0 0;0 0 0 0 0.1936 0;0 0 0 0 0 0.0784]; Sigma(8,:,:) = [0.36 0 0 0 0 0;0 0.04 0 0 0 0;0 0 0.1936 0 0 0;0 0 0 0.1296 0 0;0 0 0 0 0.2704 0;0 0 0 0 0 0.0784]; Sigma(9,:,:) = [0.36 0 0 0 0 0;0 0.2704 0 0 0 0;0 0 0.0784 0 0 0;0 0 0 0.1936 0 0;0 0 0 0 0.1296 0;0 0 0 0 0 0.04]; Sigma(10,:,:) = [0.0784 0 0 0 0 0;0 0.36 0 0 0 0;0 0 0.04 0 0 0;0 0 0 0.2704 0 0;0 0 0 0 0.1936 0;0 0 0 0 0 0.1296]; Sigma(11,:,:) = [0.1296 0 0 0 0 0;0 0.36 0 0 0 0;0 0 0.0784 0 0 0;0 0 0 0.04 0 0;0 0 0 0 0.2704 0;0 0 0 0 0 0.1936]; Sigma(12,:,:) = [0.2704 0 0 0 0 0;0 0.1296 0 0 0 0;0 0 0.04 0 0 0;0 0 0 0.36 0 0;0 0 0 0 0.1936 0;0 0 0 0 0 0.0784]; 
                Mean = [0.42281301885822 0.570718498833372 0.555468334338969 0.597947209986878 0.63592645023814 0.526480505878477];
                Cov = [0.491808072924079 0.231374152683859 0.22756695931299 0.255297570036768 0.275734871520272 0.232848939913877;0.231374152683859 0.605629616908456 0.37423411407593 0.363940732344095 0.349059352061469 0.323096200068298;0.22756695931299 0.37423411407593 0.494397414753167 0.340110194528243 0.317929072202424 0.305123135567776;0.255297570036768 0.363940732344095 0.340110194528243 0.680002255370883 0.412689855089533 0.348290563237589;0.275734871520272 0.349059352061469 0.317929072202424 0.412689855089533 0.646086772622581 0.335489584770585;0.232848939913877 0.323096200068298 0.305123135567776 0.348290563237589 0.335489584770585 0.374511772126621];
                Mode = [0.409573664300107 0.61369915550712 0.499174710031994 0.880670806440582 0.798472762399827 0.595326356485841];
            case 7
                M = 12;
                w = [0.0451141056690754;0.0230836850137531;0.0831173161878076;0.047833782089857;0.0882965445353427;0.0236823660001985;0.0216648335946444;0.0733370634989654;0.152562364411219;0.0260885959142143;0.241347374306883;0.17387196877804];
                Mu = [0.475859083500827 0.499188965600205 0.233087591675265 0.92424781527704 0.248678776681008 0.469449750632861 0.427137101635677;0.0106801089132303 0.62276229115239 0.693745315067575 0.0180225586040202 0.873029149413845 0.0941673474151538 0.174267146584477;0.581229420196887 0.428679621822967 0.704385954398313 0.326013043058727 0.715491301958914 0.815986820473791 0.559067418055409;0.634168779870378 0.392582947187454 0.949307191163633 0.958792609995582 0.0269804590935852 0.93632401264627 0.631498448804622;0.535139979205272 0.454892730035059 0.391540197393562 0.0688039461342879 0.101563202792815 0.702678352327502 0.845279858513052;0.254072059200332 0.0318685522772448 0.481330394115401 0.413264927619041 0.783586912769954 0.912981176765165 0.902037814218898;0.336501774857759 0.991739859331612 0.755433088121455 0.522330283867526 0.43455512958688 0.814625269104988 0.970501310914845;0.989082858617419 0.831169345720157 0.738400919956157 0.44744121114601 0.569150524917567 0.342113826115919 0.762930798974689;0.868528179638923 0.943225555097794 0.0564930344860447 0.480315082211395 0.232116234111425 0.208735251690061 0.0207963837181087;0.652126865579787 0.265756778801143 0.405631807522713 0.895709623995368 0.595581257865733 0.26643481120225 0.949769766841441;0.593949314975304 0.0522265734802814 0.804236028766017 0.0213716539184434 0.966120771546665 0.73801265110438 0.204315585069107;0.773208249664652 0.150457163253208 0.780434603492851 0.0952560579295207 0.859453029025744 0.650863919299077 0.247931663028424];
                Sigma(1,:,:) = [0.217777777777778 0 0 0 0 0 0;0 0.16 0 0 0 0 0;0 0 0.284444444444444 0 0 0 0;0 0 0 0.36 0 0 0;0 0 0 0 0.111111111111111 0 0;0 0 0 0 0 0.04 0;0 0 0 0 0 0 0.0711111111111111]; Sigma(2,:,:) = [0.04 0 0 0 0 0 0;0 0.217777777777778 0 0 0 0 0;0 0 0.16 0 0 0 0;0 0 0 0.284444444444444 0 0 0;0 0 0 0 0.0711111111111111 0 0;0 0 0 0 0 0.36 0;0 0 0 0 0 0 0.111111111111111]; Sigma(3,:,:) = [0.36 0 0 0 0 0 0;0 0.111111111111111 0 0 0 0 0;0 0 0.0711111111111111 0 0 0 0;0 0 0 0.16 0 0 0;0 0 0 0 0.04 0 0;0 0 0 0 0 0.217777777777778 0;0 0 0 0 0 0 0.284444444444444]; Sigma(4,:,:) = [0.284444444444444 0 0 0 0 0 0;0 0.111111111111111 0 0 0 0 0;0 0 0.0711111111111111 0 0 0 0;0 0 0 0.217777777777778 0 0 0;0 0 0 0 0.16 0 0;0 0 0 0 0 0.04 0;0 0 0 0 0 0 0.36]; Sigma(5,:,:) = [0.36 0 0 0 0 0 0;0 0.217777777777778 0 0 0 0 0;0 0 0.111111111111111 0 0 0 0;0 0 0 0.0711111111111111 0 0 0;0 0 0 0 0.16 0 0;0 0 0 0 0 0.284444444444444 0;0 0 0 0 0 0 0.04]; Sigma(6,:,:) = [0.04 0 0 0 0 0 0;0 0.111111111111111 0 0 0 0 0;0 0 0.16 0 0 0 0;0 0 0 0.284444444444444 0 0 0;0 0 0 0 0.217777777777778 0 0;0 0 0 0 0 0.36 0;0 0 0 0 0 0 0.0711111111111111]; Sigma(7,:,:) = [0.0711111111111111 0 0 0 0 0 0;0 0.36 0 0 0 0 0;0 0 0.16 0 0 0 0;0 0 0 0.217777777777778 0 0 0;0 0 0 0 0.111111111111111 0 0;0 0 0 0 0 0.284444444444444 0;0 0 0 0 0 0 0.04]; Sigma(8,:,:) = [0.284444444444444 0 0 0 0 0 0;0 0.0711111111111111 0 0 0 0 0;0 0 0.04 0 0 0 0;0 0 0 0.36 0 0 0;0 0 0 0 0.111111111111111 0 0;0 0 0 0 0 0.16 0;0 0 0 0 0 0 0.217777777777778]; Sigma(9,:,:) = [0.0711111111111111 0 0 0 0 0 0;0 0.111111111111111 0 0 0 0 0;0 0 0.16 0 0 0 0;0 0 0 0.04 0 0 0;0 0 0 0 0.284444444444444 0 0;0 0 0 0 0 0.217777777777778 0;0 0 0 0 0 0 0.36]; Sigma(10,:,:) = [0.16 0 0 0 0 0 0;0 0.36 0 0 0 0 0;0 0 0.111111111111111 0 0 0 0;0 0 0 0.0711111111111111 0 0 0;0 0 0 0 0.217777777777778 0 0;0 0 0 0 0 0.04 0;0 0 0 0 0 0 0.284444444444444]; Sigma(11,:,:) = [0.217777777777778 0 0 0 0 0 0;0 0.111111111111111 0 0 0 0 0;0 0 0.36 0 0 0 0;0 0 0 0.16 0 0 0;0 0 0 0 0.04 0 0;0 0 0 0 0 0.0711111111111111 0;0 0 0 0 0 0 0.284444444444444]; Sigma(12,:,:) = [0.36 0 0 0 0 0 0;0 0.217777777777778 0 0 0 0 0;0 0 0.04 0 0 0 0;0 0 0 0.0711111111111111 0 0 0;0 0 0 0 0.111111111111111 0 0;0 0 0 0 0 0.284444444444444 0;0 0 0 0 0 0 0.16]; 
                Mean = [0.660759275044766 0.404266087793471 0.595971566427615 0.293431273715688 0.604366791323418 0.592447517753318 0.393312614483317];
                Cov = [0.713405709412429 0.289911683171257 0.383059437692038 0.201434515363823 0.38982880583261 0.372860838624515 0.244695223802141;0.289911683171257 0.42797182804075 0.176972546408061 0.170355881175528 0.165043455784993 0.184065858737028 0.164530872548098;0.383059437692038 0.176972546408061 0.603049688942839 0.143192857436334 0.422538358432599 0.39948024129413 0.248923537575638;0.201434515363823 0.170355881175528 0.143192857436334 0.323818522739333 0.113381500692853 0.154424134961387 0.140853003051862;0.38982880583261 0.165043455784993 0.422538358432599 0.113381500692853 0.602968157363797 0.382968483159822 0.207851370074027;0.372860838624515 0.184065858737028 0.39948024129413 0.154424134961387 0.382968483159822 0.589885807015271 0.255557678000069;0.244695223802141 0.164530872548098 0.248923537575638 0.140853003051862 0.207851370074027 0.255557678000069 0.471300363954488];
                Mode = [0.644502320541214 0.0988679012891086 0.779385120182617 0.0749557662083916 0.93032313481893 0.726583030938506 0.241352051899625];
            case 8
                M = 12;
                w = [0.056652952353965;0.0712385859891808;0.105647239838809;0.0780220272267971;0.0588735527064064;0.0816096517322537;0.0924026645075487;0.00988015363525688;0.174779092839993;0.0857044885327394;0.134605290799945;0.0505842998371054];
                Mu = [0.635418241677973 0.932948310491325 0.989053745794025 0.95837471383827 0.315483491808334 0.481654942666562 0.966250902413722 0.328858069133505;0.61012930095148 0.164074126792344 0.317179389984582 0.576654333783676 0.589183405792043 0.512842565515474 0.360323556957798 0.423627906387362;0.611006097518015 0.590108110314059 0.069862752838179 0.996043963403396 0.671772094237858 0.168599519162902 0.721014010299577 0.306407562587713;0.173488753393527 0.948785679226693 0.0906109754856708 0.511186599080693 0.815974420286038 0.240834676495371 0.626274549941975 0.0251903864659133;0.0207239806990297 0.720559251325427 0.996823510637415 0.120863715105027 0.856088575079175 0.718305391158966 0.000631953172173128 0.662475554396355;0.134504858447731 0.202902106010437 0.970023746625817 0.420929138743576 0.499725331313669 0.406674688163981 0.21529909478874 0.611952525573039;0.395015935695032 0.719330387442377 0.511003848131757 0.849019705428601 0.960724901896661 0.00263254131775104 0.814095363240831 0.10539332825032;0.116830067538465 0.688010013585747 0.834417821479562 0.709701373010784 0.912295729312157 0.125465956472552 0.244139478158725 0.112692195974881;0.298745563422897 0.211687356563083 0.97939001660887 0.236355695754762 0.470142556360719 0.806599456606458 0.280402541798418 0.513761806386315;0.419376540061595 0.517710182402112 0.94056757200061 0.0847089663130963 0.0424106939100565 0.0582175207289896 0.200657330673466 0.0619584851707855;0.241610762462206 0.842796312175633 0.887714788730298 0.917286031057371 0.599685217891014 0.882855268154341 0.327342863345362 0.0462412249316209;0.760506116077082 0.00158673350263749 0.409571127827889 0.437715489948611 0.988576753516354 0.320916498187154 0.188717490096245 0.419474643044476];
                Sigma(1,:,:) = [0.183673469387755 0 0 0 0 0 0 0;0 0.235918367346939 0 0 0 0 0 0;0 0 0.294693877551021 0 0 0 0 0;0 0 0 0.04 0 0 0 0;0 0 0 0 0.36 0 0 0;0 0 0 0 0 0.0661224489795919 0 0;0 0 0 0 0 0 0.137959183673469 0;0 0 0 0 0 0 0 0.0987755102040816]; Sigma(2,:,:) = [0.137959183673469 0 0 0 0 0 0 0;0 0.235918367346939 0 0 0 0 0 0;0 0 0.04 0 0 0 0 0;0 0 0 0.183673469387755 0 0 0 0;0 0 0 0 0.294693877551021 0 0 0;0 0 0 0 0 0.0661224489795919 0 0;0 0 0 0 0 0 0.0987755102040816 0;0 0 0 0 0 0 0 0.36]; Sigma(3,:,:) = [0.0987755102040816 0 0 0 0 0 0 0;0 0.0661224489795919 0 0 0 0 0 0;0 0 0.183673469387755 0 0 0 0 0;0 0 0 0.294693877551021 0 0 0 0;0 0 0 0 0.04 0 0 0;0 0 0 0 0 0.36 0 0;0 0 0 0 0 0 0.235918367346939 0;0 0 0 0 0 0 0 0.137959183673469]; Sigma(4,:,:) = [0.137959183673469 0 0 0 0 0 0 0;0 0.294693877551021 0 0 0 0 0 0;0 0 0.0661224489795919 0 0 0 0 0;0 0 0 0.04 0 0 0 0;0 0 0 0 0.235918367346939 0 0 0;0 0 0 0 0 0.0987755102040816 0 0;0 0 0 0 0 0 0.36 0;0 0 0 0 0 0 0 0.183673469387755]; Sigma(5,:,:) = [0.137959183673469 0 0 0 0 0 0 0;0 0.04 0 0 0 0 0 0;0 0 0.0661224489795919 0 0 0 0 0;0 0 0 0.235918367346939 0 0 0 0;0 0 0 0 0.294693877551021 0 0 0;0 0 0 0 0 0.183673469387755 0 0;0 0 0 0 0 0 0.36 0;0 0 0 0 0 0 0 0.0987755102040816]; Sigma(6,:,:) = [0.183673469387755 0 0 0 0 0 0 0;0 0.36 0 0 0 0 0 0;0 0 0.0987755102040816 0 0 0 0 0;0 0 0 0.04 0 0 0 0;0 0 0 0 0.0661224489795919 0 0 0;0 0 0 0 0 0.294693877551021 0 0;0 0 0 0 0 0 0.235918367346939 0;0 0 0 0 0 0 0 0.137959183673469]; Sigma(7,:,:) = [0.0661224489795919 0 0 0 0 0 0 0;0 0.36 0 0 0 0 0 0;0 0 0.294693877551021 0 0 0 0 0;0 0 0 0.137959183673469 0 0 0 0;0 0 0 0 0.0987755102040816 0 0 0;0 0 0 0 0 0.235918367346939 0 0;0 0 0 0 0 0 0.04 0;0 0 0 0 0 0 0 0.183673469387755]; Sigma(8,:,:) = [0.183673469387755 0 0 0 0 0 0 0;0 0.04 0 0 0 0 0 0;0 0 0.137959183673469 0 0 0 0 0;0 0 0 0.36 0 0 0 0;0 0 0 0 0.0661224489795919 0 0 0;0 0 0 0 0 0.294693877551021 0 0;0 0 0 0 0 0 0.0987755102040816 0;0 0 0 0 0 0 0 0.235918367346939]; Sigma(9,:,:) = [0.36 0 0 0 0 0 0 0;0 0.0661224489795919 0 0 0 0 0 0;0 0 0.294693877551021 0 0 0 0 0;0 0 0 0.04 0 0 0 0;0 0 0 0 0.235918367346939 0 0 0;0 0 0 0 0 0.137959183673469 0 0;0 0 0 0 0 0 0.0987755102040816 0;0 0 0 0 0 0 0 0.183673469387755]; Sigma(10,:,:) = [0.0987755102040816 0 0 0 0 0 0 0;0 0.183673469387755 0 0 0 0 0 0;0 0 0.36 0 0 0 0 0;0 0 0 0.04 0 0 0 0;0 0 0 0 0.294693877551021 0 0 0;0 0 0 0 0 0.0661224489795919 0 0;0 0 0 0 0 0 0.235918367346939 0;0 0 0 0 0 0 0 0.137959183673469]; Sigma(11,:,:) = [0.36 0 0 0 0 0 0 0;0 0.0987755102040816 0 0 0 0 0 0;0 0 0.137959183673469 0 0 0 0 0;0 0 0 0.04 0 0 0 0;0 0 0 0 0.235918367346939 0 0 0;0 0 0 0 0 0.0661224489795919 0 0;0 0 0 0 0 0 0.183673469387755 0;0 0 0 0 0 0 0 0.294693877551021]; Sigma(12,:,:) = [0.04 0 0 0 0 0 0 0;0 0.137959183673469 0 0 0 0 0 0;0 0 0.36 0 0 0 0 0;0 0 0 0.235918367346939 0 0 0 0;0 0 0 0 0.0661224489795919 0 0 0;0 0 0 0 0 0.294693877551021 0 0;0 0 0 0 0 0 0.183673469387755 0;0 0 0 0 0 0 0 0.0987755102040816]; 
                Mean = [0.366550619809946 0.528052219522801 0.678387557371879 0.56160216217429 0.599984201187249 0.458421034597706 0.420504622041364 0.305489601733332];
                Cov = [0.369360225853877 0.178938799865611 0.216176809046218 0.229412645311178 0.217629996177358 0.144620389944648 0.177584017961672 0.108567411608067;0.17893879986561 0.544200496927528 0.343741721795924 0.347286397179004 0.327882806696505 0.230631951525662 0.262384169934547 0.116345296696233;0.216176809046218 0.343741721795924 0.791865209578213 0.330014075971798 0.360437238064893 0.371936842793539 0.236764261655601 0.23082133713962;0.229412645311178 0.347286397179004 0.330014075971798 0.531958145376314 0.365254845811131 0.244589903833477 0.298730175558814 0.139970438686032;0.217629996177358 0.327882806696505 0.360437238064893 0.365254845811131 0.621797449744849 0.265388652071625 0.266349482334568 0.182877058439499;0.144620389944648 0.230631951525662 0.371936842793539 0.244589903833477 0.265388652071625 0.474922426144392 0.15430932763938 0.163914558288814;0.177584017961672 0.262384169934547 0.236764261655601 0.298730175558814 0.266349482334568 0.15430932763938 0.431177689424438 0.10471000515826;0.108567411608067 0.116345296696233 0.23082133713962 0.139970438686032 0.182877058439499 0.163914558288814 0.10471000515826 0.327196131255803];
                Mode = [0.240134569144415 0.218257070485189 0.97294228771941 0.277565436192349 0.487297169360161 0.756174839241326 0.27316411042323 0.540972850641874];
            case 9
                M = 12;
                w = [0.0511230718844405;0.0382592351088609;0.122074709418664;0.0644442554725915;0.016592947930218;0.034983492382701;0.215302317345754;0.160151935892152;0.0235904163286087;0.053979019798635;0.082051785781629;0.137446812655745];
                Mu = [0.295286145406528 0.148744778148602 0.294738346192899 0.624870639889297 0.336171897184501 0.510325071460986 0.694578950108307 0.0507890297903244 0.320143810892423;0.634567751922539 0.536539299970372 0.478139320558642 0.787878077822434 0.524077694887442 0.499118184076709 0.724312152838487 0.202387542922753 0.461137375954384;0.542271442683983 0.393787336476685 0.826911621974867 0.800567146457511 0.660652004683279 0.16848301644706 0.628318122014214 0.864481071857891 0.580231278091305;0.0414921366031649 0.749545815439567 0.867800423181699 0.950905431642208 0.7063128256042 0.403166988255225 0.110355098800852 0.438145847307069 0.976361697389243;0.686166313951002 0.691405235888725 0.162414548823881 0.0910665813134856 0.301807769727747 0.972930760009227 0.81863191791801 0.314749727421676 0.302318952636221;0.473807461988319 0.6857837148621 0.927645424224054 0.542887924015944 0.00605582472292665 0.876130777013129 0.359200600263355 0.649900270797513 0.241533010567162;0.693227070307961 0.00141529095392512 0.315777638169082 0.565602080577573 0.804530806617827 0.967194110343092 0.733819758235023 0.529522319301736 0.534271916823266;0.287486467720416 0.345529127779721 0.745576460878033 0.00498287013067311 0.590927390265603 0.378372295407168 0.957631561071552 0.515867709653097 0.2096484169841;0.797586813244219 0.312279584848514 0.213157431861994 0.701852469125894 0.189328635222778 0.21415258417605 0.366105248485054 0.925858996588152 0.612248061357649;0.0924654511342023 0.0555097063492321 0.736806639356766 0.568262912775349 0.0572060314654879 0.668248882955382 0.389356943264401 0.456114849270246 0.789234283220178;0.0414452678855387 0.496524348342788 0.227083796668439 0.665889549240011 0.478959547254012 0.0723101098163524 0.564817253954031 0.0260036622094703 0.138568191646196;0.140325982288719 0.797539439660537 0.908212420118816 0.400838907473838 0.953887592053436 0.815240803018636 0.686583253556436 0.998849147447192 0.648669615346821];
                Sigma(1,:,:) = [0.3025 0 0 0 0 0 0 0 0;0 0.0625 0 0 0 0 0 0 0;0 0 0.04 0 0 0 0 0 0;0 0 0 0.16 0 0 0 0 0;0 0 0 0 0.1225 0 0 0 0;0 0 0 0 0 0.09 0 0 0;0 0 0 0 0 0 0.36 0 0;0 0 0 0 0 0 0 0.2025 0;0 0 0 0 0 0 0 0 0.25]; Sigma(2,:,:) = [0.09 0 0 0 0 0 0 0 0;0 0.2025 0 0 0 0 0 0 0;0 0 0.0625 0 0 0 0 0 0;0 0 0 0.16 0 0 0 0 0;0 0 0 0 0.25 0 0 0 0;0 0 0 0 0 0.04 0 0 0;0 0 0 0 0 0 0.36 0 0;0 0 0 0 0 0 0 0.3025 0;0 0 0 0 0 0 0 0 0.1225]; Sigma(3,:,:) = [0.04 0 0 0 0 0 0 0 0;0 0.16 0 0 0 0 0 0 0;0 0 0.3025 0 0 0 0 0 0;0 0 0 0.1225 0 0 0 0 0;0 0 0 0 0.0625 0 0 0 0;0 0 0 0 0 0.09 0 0 0;0 0 0 0 0 0 0.25 0 0;0 0 0 0 0 0 0 0.36 0;0 0 0 0 0 0 0 0 0.2025]; Sigma(4,:,:) = [0.3025 0 0 0 0 0 0 0 0;0 0.1225 0 0 0 0 0 0 0;0 0 0.0625 0 0 0 0 0 0;0 0 0 0.36 0 0 0 0 0;0 0 0 0 0.25 0 0 0 0;0 0 0 0 0 0.16 0 0 0;0 0 0 0 0 0 0.04 0 0;0 0 0 0 0 0 0 0.09 0;0 0 0 0 0 0 0 0 0.2025]; Sigma(5,:,:) = [0.16 0 0 0 0 0 0 0 0;0 0.2025 0 0 0 0 0 0 0;0 0 0.0625 0 0 0 0 0 0;0 0 0 0.25 0 0 0 0 0;0 0 0 0 0.36 0 0 0 0;0 0 0 0 0 0.09 0 0 0;0 0 0 0 0 0 0.3025 0 0;0 0 0 0 0 0 0 0.04 0;0 0 0 0 0 0 0 0 0.1225]; Sigma(6,:,:) = [0.09 0 0 0 0 0 0 0 0;0 0.0625 0 0 0 0 0 0 0;0 0 0.25 0 0 0 0 0 0;0 0 0 0.3025 0 0 0 0 0;0 0 0 0 0.36 0 0 0 0;0 0 0 0 0 0.1225 0 0 0;0 0 0 0 0 0 0.04 0 0;0 0 0 0 0 0 0 0.16 0;0 0 0 0 0 0 0 0 0.2025]; Sigma(7,:,:) = [0.1225 0 0 0 0 0 0 0 0;0 0.0625 0 0 0 0 0 0 0;0 0 0.16 0 0 0 0 0 0;0 0 0 0.04 0 0 0 0 0;0 0 0 0 0.2025 0 0 0 0;0 0 0 0 0 0.25 0 0 0;0 0 0 0 0 0 0.09 0 0;0 0 0 0 0 0 0 0.36 0;0 0 0 0 0 0 0 0 0.3025]; Sigma(8,:,:) = [0.04 0 0 0 0 0 0 0 0;0 0.09 0 0 0 0 0 0 0;0 0 0.25 0 0 0 0 0 0;0 0 0 0.2025 0 0 0 0 0;0 0 0 0 0.0625 0 0 0 0;0 0 0 0 0 0.1225 0 0 0;0 0 0 0 0 0 0.3025 0 0;0 0 0 0 0 0 0 0.36 0;0 0 0 0 0 0 0 0 0.16]; Sigma(9,:,:) = [0.16 0 0 0 0 0 0 0 0;0 0.25 0 0 0 0 0 0 0;0 0 0.1225 0 0 0 0 0 0;0 0 0 0.09 0 0 0 0 0;0 0 0 0 0.2025 0 0 0 0;0 0 0 0 0 0.3025 0 0 0;0 0 0 0 0 0 0.04 0 0;0 0 0 0 0 0 0 0.0625 0;0 0 0 0 0 0 0 0 0.36]; Sigma(10,:,:) = [0.3025 0 0 0 0 0 0 0 0;0 0.16 0 0 0 0 0 0 0;0 0 0.36 0 0 0 0 0 0;0 0 0 0.09 0 0 0 0 0;0 0 0 0 0.04 0 0 0 0;0 0 0 0 0 0.1225 0 0 0;0 0 0 0 0 0 0.2025 0 0;0 0 0 0 0 0 0 0.0625 0;0 0 0 0 0 0 0 0 0.25]; Sigma(11,:,:) = [0.1225 0 0 0 0 0 0 0 0;0 0.16 0 0 0 0 0 0 0;0 0 0.3025 0 0 0 0 0 0;0 0 0 0.0625 0 0 0 0 0;0 0 0 0 0.25 0 0 0 0;0 0 0 0 0 0.2025 0 0 0;0 0 0 0 0 0 0.04 0 0;0 0 0 0 0 0 0 0.36 0;0 0 0 0 0 0 0 0 0.09]; Sigma(12,:,:) = [0.09 0 0 0 0 0 0 0 0;0 0.2025 0 0 0 0 0 0 0;0 0 0.0625 0 0 0 0 0 0;0 0 0 0.04 0 0 0 0 0;0 0 0 0 0.25 0 0 0 0;0 0 0 0 0 0.36 0 0 0;0 0 0 0 0 0 0.3025 0 0;0 0 0 0 0 0 0 0.1225 0;0 0 0 0 0 0 0 0 0.16]; 
                Mean = [0.377996057623655 0.376335832855883 0.601035412223926 0.521137670973695 0.614441466716239 0.566473461474642 0.654910019513391 0.554574254412058 0.487406196503514];
                Cov = [0.330950471350816 0.101926367749517 0.19777878105676 0.204819904053442 0.238117989106304 0.242764566909882 0.262843735923492 0.220269325044229 0.182330322761937;0.101926367749517 0.348189196745837 0.271785336501826 0.197800766715588 0.241387504412038 0.191006128397305 0.229047951121257 0.2339123838498 0.191609495341852;0.19777878105676 0.271785336501826 0.619603245153288 0.303307673737863 0.378336574154828 0.329135083801737 0.38497058274416 0.383741310237027 0.314468013425402;0.204819904053442 0.197800766715588 0.303307673737863 0.472904432730778 0.317011517762683 0.281621307768576 0.297065484827806 0.282542686399968 0.288592244542778;0.238117989106304 0.241387504412038 0.378336574154828 0.317011517762683 0.616974930585725 0.371865662048251 0.419122577581 0.374374429388656 0.315599688407142;0.242764566909882 0.191006128397305 0.329135083801737 0.281621307768576 0.371865662048251 0.607143979737004 0.378986246007674 0.334089651470353 0.295772597100016;0.262843735923492 0.229047951121257 0.38497058274416 0.297065484827806 0.419122577581 0.378986246007674 0.670717449928834 0.365102649628548 0.28881234690309;0.220269325044229 0.2339123838498 0.383741310237027 0.282542686399968 0.374374429388656 0.334089651470353 0.365102649628548 0.657668385447763 0.300659277253438;0.182330322761937 0.191609495341852 0.314468013425402 0.288592244542778 0.315599688407142 0.295772597100016 0.28881234690309 0.300659277253438 0.496307735792042];
                Mode = [0.684885168625456 0.00674098473914991 0.316972157273274 0.565798453698185 0.787603677245847 0.926082168358072 0.732841346229461 0.511420931810121 0.525317619724052];
            case 10
                M = 12;
                w = [0.0547120661777202;0.0212513635308768;0.0445256812531552;0.0516813886253295;0.000998953535095174;0.219412645438959;0.0694392321868818;0.122505457331289;0.0606183620951764;0.0589821959980241;0.129048806621582;0.16682384720591];
                Mu = [0.476692345512069 0.898468063078569 0.991789878418707 0.257245465774142 0.602359085333812 0.63701063704209 0.14248608415846 0.159744901124547 0.605864587844619 0.737846876748494;0.577833313851726 0.668732997640351 0.423217429229002 0.107490090677966 0.142435644657559 0.732757731973637 0.534763989934738 0.16330462199176 0.163608513178779 0.59771223916527;0.915955800857177 0.924114262760541 0.581546588987896 0.542715572696325 0.2493341560887 0.289255876553488 0.27640240872684 0.131148727825794 0.692640381934639 0.0401077228680481;0.591120726478642 0.28374312634886 0.975268160354704 0.213609671496409 0.451062791596416 0.0837374109941986 0.485741234670295 0.226138640076785 0.805134144168228 0.998552958774896;0.0204549188992187 0.423897369438013 0.0279222755590375 0.723375970491363 0.994817010931387 0.926525525215561 0.283707067109504 0.376542131419888 0.342539766195215 0.223082793694918;0.0923148753411956 0.430712598432711 0.181052057099382 0.0385227302270065 0.589557557508916 0.10137384553555 0.75451383508321 0.487942280175274 0.0544080975662878 0.665648830071335;0.730299108693385 0.572136404338644 0.166805873320411 0.0710861868464368 0.731951301284845 0.202986241285477 0.262776200874816 0.777388463540408 0.839329333633247 0.870058460523845;0.244771142299802 0.0363985886053612 0.553570820098981 0.87861346172308 0.789363878785594 0.82101660426403 0.594868841545806 0.712801773967255 0.952039874675834 0.573137729021482;0.206925387029973 0.3972702348288 0.893175418381403 0.811925972730944 0.301228072929219 0.590923571973232 0.493972265256575 0.288104356910453 0.850609180529432 0.349903177048468;0.623688493164387 0.147608158456775 0.0042131986058167 0.967001460622877 0.473959490248124 0.727167888803113 0.456571625974146 0.382667279391858 0.544732091197408 0.744624862451264;0.718072065315275 0.621100289618943 0.672357414241783 0.625799690178824 0.766404555914753 0.866233984331675 0.0220952912287362 0.285368851073115 0.584259353964832 0.242616080952648;0.498791811135138 0.429810838822922 0.416189059689637 0.693119431921165 0.0277536284434698 0.77954494128958 0.926545227202075 0.801641471445625 0.877292121226997 0.573233733694541];
