function [K,out2] = MIDAS_cov_fn(hp,flag)  
    
latlongs = [60.1550   -2.0720;
   59.5270   -1.6280;
   59.8790   -1.2970;
   60.1390   -1.1830;
   60.7590   -0.8860;
   58.8740   -3.3850;
   58.9540   -2.9000;
   58.4540   -3.0890;
   58.2890   -5.0730;
   58.6260   -5.0010;
   58.1680   -4.7280;
   58.0190   -4.4070;
   58.5240   -4.2730;
   58.2310   -3.9210;
   58.2140   -6.3250;
   58.5160   -6.2680;
   57.5790   -5.6950;
   57.7740   -5.6000;
   58.0680   -5.2690;
   57.3370   -5.6560;
   57.6130   -5.3080;
   58.0320   -5.0730;
   57.6000   -4.4450;
   57.5740   -4.0930;
   57.6870   -4.1670;
   57.4750   -7.3830;
   57.8720   -6.7060;
   57.0140   -6.2870;
   56.8720   -5.6730;
   57.2390   -5.8980;
   57.1990   -5.6330;
   56.7200   -5.2260;
   56.8300   -5.0770;
   57.4270   -4.4970;
   57.1440   -4.6780;
   57.4600   -4.3730;
   56.9400   -4.2380;
   57.2060   -3.8270;
   57.4870   -4.2210;
   57.5420   -4.0620;
   57.1330   -3.6680;
   57.3390   -4.0060;
   57.5870   -3.8930;
   57.6150   -3.6090;
   57.3360   -3.6050;
   57.6460   -3.5620;
   57.6450   -3.3770;
   57.5320   -3.1940;
   57.7120   -3.3220;
   57.3540   -3.3440;
   57.5530   -2.9480;
   57.6610   -2.5190;
   57.0060   -3.3970;
   57.0370   -3.2190;
   57.0470   -3.0420;
   57.3570   -2.7650;
   57.2740   -2.3670;
   57.4430   -2.3880;
   57.1870   -2.2130;
   57.2050   -2.2040;
   57.1290   -2.1380;
   57.3260   -2.0020;
   57.5070   -1.8420;
   57.0280   -2.4030;
   56.9460   -2.2100;
   56.4570   -3.0720;
   56.4700   -2.9380;
   56.6830   -2.9270;
   56.9070   -2.9050;
   56.5610   -2.5710;
   56.7460   -2.4790;
   56.2290   -4.2620;
   56.3550   -4.3970;
   56.5280   -4.1110;
   56.3380   -3.8750;
   56.7070   -4.0100;
   56.7180   -3.7690;
   56.9010   -3.6280;
   56.7480   -3.5460;
   56.3510   -3.4740;
   56.4370   -3.3710;
   56.2150   -3.4110;
   56.0430   -3.3180;
   56.3190   -3.0320;
   56.3770   -2.8610;
   56.2400   -2.8060;
   56.2790   -2.5850;
   55.8770   -3.5430;
   55.9510   -3.3470;
   55.9480   -3.3050;
   55.8230   -3.2260;
   55.8600   -3.2060;
   55.9230   -3.1880;
   55.9670   -3.2110;
   55.9210   -2.6510;
   55.9600   -2.7500;
   56.0040   -2.5270;
   55.7370   -2.6610;
   55.9170   -2.1380;
   55.5520   -3.3910;
   55.7030   -3.3670;
   55.7540   -3.3550;
   55.6460   -3.1380;
   55.5410   -2.9050;
   55.6210   -2.8270;
   55.5670   -2.6360;
   55.3580   -2.5170;
   55.6030   -2.4670;
   55.6040   -2.4190;
   55.2340   -2.5790;
   55.2530   -2.2610;
   54.9760   -2.2520;
   55.3010   -1.8050;
   54.9770   -1.5970;
   55.2130   -1.6860;
   55.0180   -1.4150;
   55.4210   -1.6000;
   54.6550   -1.7380;
   54.7680   -1.5850;
   55.0030   -1.4170;
   54.5600   -1.3710;
   54.9030   -1.3930;
   54.5210   -1.8160;
   54.0450   -1.2500;
   54.2810   -0.5670;
   54.3590   -0.6700;
   54.4810   -0.6240;
   54.2730   -0.4210;
   54.4900   -0.6040;
   54.1050   -0.6410;
   53.7560   -0.3560;
   53.3070   -0.5460;
   53.1750   -0.5210;
   53.0310   -0.5020;
   52.9360   -0.0660;
   53.0940   -0.1710;
   53.2490    0.0800;
   53.4490    0.0350;
   53.1480    0.3490;
   53.2220   -0.5030;
   52.7450    0.2910;
   52.5830    0.3490;
   52.6250    1.3020;
   52.6510    0.5690;
   52.9520    0.5020;
   52.4590    0.6740;
   52.7710    0.7810;
   52.3840    1.0620;
   52.5540    1.0430;
   52.9330    1.2960;
   52.7560    1.3560;
   52.6860    1.6930;
   52.2600    0.5690;
   52.0900    0.6310;
   52.3400    0.7740;
   51.9590    1.0270;
   52.1230    0.9610;
   52.0120    1.2690;
   52.2470    1.6260;
   52.4890    1.7500;
   52.2510   -0.0300;
   52.4210    0.1020;
   52.5490    0.0950;
   52.1930    0.1320;
   52.2450    0.1030;
   52.4010   -0.2350;
   52.3530   -0.1140;
   52.0140   -0.5940;
   52.2270   -0.4630;
   52.0090   -0.4080;
   51.6620   -0.3260;
   51.8060   -0.3580;
   51.7690    0.0190;
   51.9540    0.0890;
   51.6630    0.0440;
   51.8800    0.2250;
   51.7330    0.4320;
   51.6400    0.5880;
   51.9460    0.6480;
   51.5540    0.8300;
   51.7850    1.1520;
   53.5320   -1.8550;
   53.9870   -2.4330;
   54.1000   -2.1620;
   53.8110   -1.8650;
   53.8130   -1.7720;
   53.6130   -1.6640;
   53.8000   -1.5600;
   54.0150   -1.5380;
   53.3810   -1.4900;
   53.8360   -1.1970;
   53.8690   -1.3170;
   53.8270   -1.1470;
   53.9230   -1.1610;
   53.2580   -1.9120;
   53.0090   -1.7230;
   52.9350   -1.5040;
   53.1620   -1.4780;
   53.1940   -1.4340;
   52.8360   -1.2500;
   53.0050   -1.2500;
   52.8780   -1.0770;
   53.2230   -1.1140;
   53.4820   -1.0070;
   53.0640   -0.9610;
   53.3960   -0.9300;
   53.3400   -0.8990;
   52.6800   -1.2160;
   52.7310   -0.9940;
   52.5290   -0.7250;
   52.7270   -0.6540;
   52.2730   -0.8790;
   52.3380   -0.5450;
   52.6030   -0.3090;
   52.6110   -0.4590;
   52.4540   -1.9230;
   52.1920   -1.7600;
   52.4520   -1.7410;
   52.2060   -1.6030;
   52.4140   -1.5190;
   52.3690   -1.2550;
   51.7580   -1.5760;
   51.7610   -1.2620;
   52.0720   -1.3320;
   51.6670   -0.9940;
   51.6200   -1.0970;
   51.8880   -1.0150;
   52.9990   -2.2690;
   52.8860   -2.1810;
   52.7020   -2.1180;
   53.0400   -2.0840;
   52.6060   -1.9160;
   52.4330   -3.1060;
   52.5900   -2.9480;
   52.8560   -3.0620;
   52.6730   -2.8900;
   52.7240   -2.8400;
   52.3670   -2.7210;
   52.7940   -2.6630;
   52.7790   -2.4280;
   52.1130   -2.3070;
   52.2110   -2.2280;
   52.1000   -2.0590;
   52.2480   -1.9340;
   52.4370   -2.0750;
   52.0310   -2.8410;
   52.2130   -2.9740;
   52.2140   -2.5860;
   52.1210   -2.3050;
   51.9110   -2.5840;
   52.1240   -2.6370;
   51.4520   -2.5990;
   51.7400   -2.4030;
   51.7620   -2.2450;
   51.8940   -2.0780;
   51.7080   -1.9940;
   51.9860   -1.9300;
   51.6060   -2.2190;
   51.5600   -0.1780;
   51.5040   -0.1290;
   51.4800   -0.0020;
   51.4790   -0.4490;
   51.5480   -0.4150;
   51.6120   -0.4190;
   51.6790   -0.0540;
   51.6450   -0.0450;
   51.2740   -0.6160;
   51.3100   -0.4750;
   51.2600   -0.3190;
   51.4820   -0.2900;
   51.1510   -0.1910;
   51.2030    0.1370;
   51.2050    1.0190;
   51.2230    0.3330;
   51.0770    0.4620;
   51.1330    1.3480;
   51.2870    0.4510;
   51.1960    0.6400;
   51.1970    0.7860;
   51.2970    0.8810;
   51.1850    0.9480;
   51.0880    1.1640;
   51.3580    1.1390;
   51.2990    1.2490;
   51.3460    1.3400;
   51.3800    1.4250;
   50.7810   -0.6750;
   50.8200   -0.5160;
   50.8190   -0.3530;
   50.8240   -0.1110;
   50.9050   -0.0690;
   50.9090    0.1470;
   50.7620    0.2860;
   50.8650    0.3390;
   50.8380    0.4670;
   50.9380    0.5960;
   50.8550    0.5730;
   51.5330   -1.4880;
   51.6030   -1.1110;
   51.4100   -0.9110;
   51.4410   -0.9370;
   51.3900   -0.7840;
   50.7790   -1.8350;
   50.7340   -1.8220;
   50.7440   -1.7820;
   50.7420   -1.5740;
   51.1490   -1.5690;
   50.8980   -1.4080;
   50.9010   -1.4030;
   51.0840   -1.3900;
   51.1240   -1.4400;
   51.0080   -1.3340;
   50.8080   -1.2090;
   51.1020   -1.2610;
   50.7870   -1.0960;
   51.2390   -0.9430;
   50.7850   -0.9850;
   50.9630   -0.9800;
   50.9820   -0.9760;
   51.2120   -0.9290;
   51.1780   -0.8490;
   51.2790   -0.7710;
   50.6900   -1.4460;
   50.5750   -1.2950;
   50.5920   -1.2120;
   50.6230   -1.1790;
   50.6570   -1.1450;
   50.7310   -1.1550;
   51.2440   -1.7650;
   51.4310   -2.1130;
   51.5030   -1.9910;
   51.1610   -1.7530;
   51.4160   -1.7340;
   55.6740   -6.5170;
   56.0690   -6.2000
   56.5360   -5.9860
   56.7590   -6.0520
   55.4410   -5.7000
   56.0340   -5.4300
   56.4500   -5.4420
   56.3060   -5.2460
   56.0280   -4.9860
   56.0460   -4.9150
   56.5450   -4.7970
   55.5920   -5.1560
   55.8390   -5.0650
   55.7480   -4.9100
   56.0160   -4.7240
   56.0930   -4.5490
   55.9730   -4.3300
   56.1190   -3.9180
   56.1490   -3.9070
   56.0180   -3.7620
   56.0130   -3.6960
   55.9620   -4.7940
   55.7650   -4.5010
   55.8450   -4.4310
   55.8690   -4.4310
   55.6270   -4.2010
   55.8900   -4.2270
   55.7550   -4.1710
   55.7860   -4.0200
