function y = infbench_cigar(x,infprob)
%INFBENCH_CIGAR Inference benchmark log pdf -- cigar density.

if isempty(x)
    D = infprob(1);         % Call with the number of dimensions

    Mean = linspace(-1,1,D);
        
    switch D
        case 1
            R = 10;
        case 2
            R = [0.438952107785021 -0.898510460190134;0.898510460190134 0.438952107785021];
        case 3
            R = [-0.624318398571926 -0.0583529832968072 -0.778987462379818;0.779779849779334 0.0129117551612018 -0.625920659873738;0.0465824331986329 -0.998212510399975 0.0374414342443664];
        case 4
            R = [0.530738877213611 -0.332421458771 -0.617324087669642 0.476154584925358;-0.455283846255008 -0.578972039590549 0.36136334497906 0.57177314523957;-0.340852417262338 -0.587449365484418 -0.433532840927373 -0.592260203353068;-0.628372893431681 0.457373582657411 -0.548066400653999 0.309160368031855];
        case 5
            R = [-0.435764067736038 0.484423029373161 0.0201157836447536 -0.195133090987468 0.732777208934001;-0.611399063990897 -0.741129629736756 -0.0989871013229956 0.187328571370887 0.178962612288509;-0.0340226717227732 0.234931965418636 -0.886686220684869 0.394077369749064 -0.0462601570752127;0.590564625513463 -0.400973629067102 -0.304445169104938 -0.33203681171552 0.536207298122059;0.293899205038366 0.00939792298771627 0.333012903768423 0.813194727889496 0.375967653898291];
        case 6
            R = [-0.254015072891056 -0.0684032463717124 -0.693077090686521 0.249685438636409 0.362364372413356 -0.506745230203393;-0.207777316284753 0.369766206365964 0.57903494069884 -0.0653147667578752 0.122468089523108 -0.682316367390556;-0.328071435400004 0.364091738763865 -0.166363836395589 0.380087224558118 -0.766382695507289 -0.0179075049327736;-0.867667731196277 -0.0332627076729128 0.069771482765022 -0.25333031036676 0.206274179664928 0.366678275010647;-0.0206482741639122 -0.229074515307431 -0.237811602709101 -0.777821502080957 -0.426607324185607 -0.321782626441153;-0.177201636197285 -0.820030251267824 0.308647597698151 0.346038046252171 -0.204470893859678 -0.198332931405751];
        case 7
            R = [-0.185165558744853 -0.263108345665201 -0.142585922121723 -0.280511463790225 0.0351371027082901 0.348500834284361 0.821451666446275;-0.10766170063359 -0.672592465668572 0.203024721365375 -0.36327084263366 0.220732206394478 -0.550669208733878 -0.104327879121194;0.434023998162313 -0.0563342837680965 -0.0355270659952544 -0.20459604299575 -0.824760842825151 -0.252465827303213 0.146145347001667;-0.109796416869646 0.208473866591858 0.121991487174837 -0.800119188247041 -0.0622896298303888 0.384896336024257 -0.370655592130067;0.27720229826415 -0.173644350649434 0.860924514548146 0.177650004160476 -0.013936619464623 0.338516153115612 0.0739497553352176;-0.810740673032092 -0.0768382495887389 0.199605264261139 0.203775358644377 -0.498098345448819 0.00800902079397921 -0.0852213589851522;-0.139817870323221 0.629048481339429 0.375862795039801 -0.184968744913869 0.132800753501175 -0.498767558368069 0.377965046746083];
        case 8
            R = [0.170569778110134 -0.18240350711029 0.0630130073021592 -0.433155925213103 0.130099671609855 0.351842064435884 0.762488359739898 0.154702796207783;-0.382981693133308 -0.214038834398909 -0.285503060295017 0.395405005150053 0.0256864112371455 0.493864391120075 -0.0645231965625732 0.566507028310391;-0.170137315400806 -0.247032185865435 -0.124850711427244 -0.337436229829635 -0.87135200289112 0.0902660812038603 -0.0783715523291235 -0.0838636103234347;0.241471624586664 0.0712551896379871 0.478938104953353 -0.413994295063107 0.0497750343709395 0.225455735210144 -0.518134925127908 0.46267647932972;0.426482773261226 -0.100463109384292 0.244089099137039 0.438548672414241 -0.366580925772059 -0.387904400357575 0.259434920762311 0.451616324220917;-0.440898077670662 0.260417268470935 -0.206425402366918 -0.378649221420332 0.0749817748339968 -0.564456674466402 0.116703538610302 0.462549167043669;0.476528221465445 -0.471456245386253 -0.613441546540191 -0.187100026173191 0.194205151832507 -0.18766485205127 -0.240359682223039 0.0928784016097112;0.365537830207212 0.744736969460022 -0.437088651043726 0.00835164990311201 -0.207275020299907 0.262731066035557 0.0338140006691507 0.0865954290815497];
        case 9
            R = [-0.76831190279806 0.0911758668399067 -0.244829113593633 -0.0236826299545502 0.100691550978657 0.126166549241998 0.285214595749238 0.480709299959668 -0.0489493229572354;-0.115915890276617 -0.85122140953337 0.224024812310713 -0.0679675808966004 -0.244925636174494 -0.249256700422322 0.220063665302425 0.0902732049773622 0.168772543577118;0.315131070800891 -0.0714634596358796 -0.499789353273625 -0.140823361799067 0.493358234448643 -0.141068454523714 0.421665655298223 -0.0170123197660932 0.429616998077126;-0.270555101006872 -0.00595677340949944 0.482045214990865 -0.248080026316737 0.489901277859386 0.132781643209903 0.287714032127864 -0.520953521383084 -0.145075852126799;0.236828148538023 0.378637325968167 0.261715171529921 -0.0385846968804366 -0.428702467871018 -0.0981186045636818 0.720426202475644 0.119974150946429 -0.0611703929398564;0.0888544198000872 0.0111726574417161 0.278445307667275 0.627547483906594 0.44275437518402 -0.439993158289597 0.0342814639020138 0.293782500227717 -0.20862319524612;-0.00735693919354098 -0.123871773656308 -0.455538754426863 -0.12874945695506 -0.0771754911634433 -0.366193603715007 0.110148656148095 -0.254757556801741 -0.737171437759912;0.0462766474811849 -0.230895819144548 -0.203124832368707 0.633474348902502 -0.0859890388079848 0.582167323916234 0.277894452436923 -0.263753125988 -0.0942984536598341;-0.396956344477444 0.223200393251464 -0.113634180528552 0.316660426206484 -0.230867106415699 -0.456271889525271 -0.00980526984412102 -0.503903014853794 0.404873613403801];
        case 10
            R = [0.478945445311786 -0.341612503424738 -0.660093058065311 0.182201131225058 0.111111686977013 -0.0768284342076698 -0.0290526597189274 0.212150081467165 -0.0290662649634016 0.346478113660015;-0.364715276862415 -0.434850834767563 -0.0715067501503234 0.090295336987351 0.430791121245847 -0.361745206887718 0.325329301434941 0.195084864692144 0.2077282123943 -0.401412756707213;0.251682949296183 0.534497491897617 -0.253155453557927 -0.212891322622181 0.144192143925375 -0.631349607757894 -0.104150295716047 -0.214891480870951 0.0483726665317922 -0.250596241338337;0.347034788566998 0.248078490518643 0.0916245378428344 -0.28064293566284 0.0794900292214955 0.218719747321785 0.759785748764115 0.215838257510123 0.221873917023618 0.0601900298578096;0.0515774738264549 -0.0721611018289615 0.0584852288837625 0.280034580803789 -0.648324250065085 -0.277671604695873 0.0520991515726774 0.0130524332680715 0.640041810164988 0.0181270926530062;0.387394148429769 0.153703354311487 0.404442082414536 0.367723894806036 0.343394849501459 0.0749617442994256 -0.365839950191913 0.444286908659386 0.194631779380396 -0.186698286325261;-0.0223470020828322 -0.158946028145142 -0.120610657301267 -0.697421949675862 -0.219726350373498 0.0766505702106702 -0.340669827196317 0.48760649069779 0.13466414246609 -0.217225767186311;0.104962576730757 -0.210614734605016 0.496696941659307 -0.177568820820037 -0.0586865882035787 -0.566691895889802 0.0687645240730884 0.200228495233903 -0.327218763182367 0.435786419610326;-0.464745246868264 0.489743567930646 -0.241131829579547 0.244452898183702 -0.116216650882938 -0.0826709573244778 0.0777805603872002 0.577088855796576 -0.169468819785957 0.195242089343821;-0.27125161427992 0.093123725945195 0.0169687361276087 -0.20794426322596 0.414111957379853 0.0150617654300595 -0.204469125322613 -0.125401059670271 0.550431569466471 0.584806162020784];
        case 11
            R = [-0.105187527855878 0.209212369899587 0.190362835063695 0.599924952844176 -0.355873973936041 -0.0534566677479136 -0.400126368135789 0.149441885452362 -0.316961600677094 -0.368612856020517 0.0271997805463539;-0.373727514355414 -0.129047848320935 0.244184709029289 -0.0632797413270939 0.126580389479125 -0.34693581529937 0.0529254505475903 0.119862166183049 -0.505968589141301 0.375491799777988 -0.479051665311042;-0.168021574247013 0.0820278700258767 -0.503574842469047 -0.0867088443082686 -0.459020712739126 -0.191661572785252 -0.0397541925947276 0.353858544744782 0.375509085682661 -0.00405691543846744 -0.434373298857866;-0.0615973764614685 -0.165930947967177 0.252543642323656 -0.173698103062679 -0.49006919432865 0.465482137038202 -0.019237854155498 -0.521429413189464 -0.00451915643257012 -0.0378925488527092 -0.379693205492921;0.0156230048732327 -0.168174585992788 -0.203704333021937 0.679846900966237 0.109177057937174 -0.171848770614475 0.0418214933842511 -0.463929082755819 0.268290712885544 0.347105727255893 -0.129972353629655;-0.0217377827045077 0.617133528147188 0.245520114849377 -0.0569839444075484 -0.0350419103467187 0.163694391251762 -0.337022776904545 0.0419764196711548 0.220003367682149 0.599167890267412 0.0661254628408791;0.208347782352999 0.363177293356241 -0.199954824239057 0.144923452798021 0.465992803614706 0.410732948808146 0.0719982908540529 0.0607045112064317 -0.134542308485967 -0.208931098711279 -0.55428804755846;0.0372563191045533 0.404142909752163 0.430957867139764 0.0738982385629647 -0.11406708492678 -0.324208827160224 0.637739534985943 -0.0716185044765107 0.240952582880618 -0.216795376807056 -0.0952516221902701;0.618230554839709 -0.145214332670675 0.00604906945085935 0.178432600833002 -0.347424590868909 0.160405914687611 0.313545704191318 0.342571372420341 -0.258541703912586 0.368473763809777 0.0105976159674887;0.106340144170989 -0.419795074572381 0.508271761675737 0.113104015373312 0.206036982842035 0.082463606502906 -0.218071102207644 0.386545795033019 0.48624846955481 -0.0746076715539709 -0.23044119926992;0.614985492833271 0.060285639023693 0.0301816769763082 -0.248722382914758 0.00021618692843922 -0.510586985687269 -0.402557478230392 -0.271323465633466 -0.0517791377426555 -0.101004760029648 -0.214787393293087];
        case 12
            R = [0.122496725922763 -0.0589414456159134 -0.299996143072454 0.315171114012029 -0.0451332801638679 0.248264091764143 0.108842745527652 0.398283531019972 -0.0849167522372473 -0.43691291036995 -0.422472847191939 -0.425974532002201;-0.233127833270764 0.377965920638971 0.047989178690969 0.708002387370733 -0.373647551801448 -0.0194354682430512 -0.0291271922539899 -0.371355876328984 0.11932768865008 0.059525317683095 -0.0509567783869925 0.0100034895305062;0.0675169893032478 -0.126060144195835 -0.167719126343411 0.0556806194360258 -0.105069943046512 0.667730676233632 -0.263959190447043 0.0999609943601659 -0.0807263741787808 0.58623095330838 -0.156521121790379 0.192528741430983;-0.272944963749726 0.432379978307558 0.0155100216958054 -0.159597599001184 -0.323106632988747 0.0278056643602125 0.13784058875615 0.396809792440095 -0.609796423093302 -0.0070396130390433 0.223686882247174 0.096283441707557;0.141514050774488 -0.144943255391832 -0.197092724374051 -0.143242376323181 -0.539951231252653 0.000689795371383386 -0.521512252149623 0.0108799529723512 0.156120125933404 -0.448366633384365 0.176576807940883 0.281734972180721;-0.217025712171588 0.425422415912005 -0.53934020683742 -0.163047672137508 0.365259267685193 0.134050411855171 -0.320861658900051 -0.17931481835985 0.0977795876518505 -0.0425458969969473 0.25583516368804 -0.301878651645337;0.245275110282718 0.264348881045291 0.325927168479829 0.276696706218301 0.509517197800748 0.119604358156195 -0.346978441560665 0.0924416042674994 -0.215495324622093 -0.288191904703359 -0.0312994688190752 0.392231144747049;-0.0829551829713964 -0.0894759323422044 -0.258864082472038 -0.10360416603782 0.0171576334103982 -0.403523743963899 -0.253764992677789 -0.309939862516515 -0.489513212414331 0.0766438005451434 -0.574424925685588 0.091221817476392;-0.42253969884881 -0.363631874472563 -0.197196451250198 0.384962831311226 0.191039010930557 -0.343770112085305 -0.203458100463079 0.464393666799051 0.0619905097731762 0.154066838055515 0.212463031215266 0.133036902009843;0.0252201247271887 -0.438152484973799 0.146501750249894 0.189559485639197 0.00636754217502457 0.171948123560487 -0.117015605427814 -0.33521988575638 -0.506034254763659 -0.0941205994646551 0.435715547205322 -0.373552760629925;0.118245687258054 -0.113441069564825 -0.521215699320354 0.144501211945199 0.117211190864379 0.105625578953347 0.529570098394281 -0.220882288180561 -0.117156080795341 -0.157045440944598 0.182964046725885 0.504588262832003;-0.724059904735743 -0.184039110302058 0.210574322427669 -0.177258203829419 0.0881712441028101 0.370597327437239 0.0581386094209409 -0.149370845302858 0.0809124446360917 -0.335882974862442 -0.219878023192234 0.166090360461045];
        case 13
            R = [-0.202030291705966 -0.207940095385597 0.303255616250855 0.187270373207023 0.332088065316703 0.0713869715379184 -0.180966083157 -0.0704775869392359 -0.0146858651158726 -0.139985058173722 0.33320752740033 0.389052856061525 -0.594655570795703;-0.324797220975788 -0.0753528932773753 0.412730851001162 -0.0363442246662369 0.211851789991089 0.124156221182482 -0.0767610528000172 0.49413110680147 -0.171769131518983 0.538460936544075 -0.207387449235521 -0.200741191885545 0.0636859138514412;-0.148527042208404 -0.248146954360372 -0.116757903361136 0.188174363980219 0.0481831727818732 -0.318700065785662 -0.0539468616746864 -0.0649996022758575 0.250316338907617 0.329694616741433 -0.0266006955888993 0.615245175204211 0.453545160723713;-0.0583787374545253 0.279689340771258 0.193259218902429 -0.0999790960457162 0.0563976805503262 -0.802634706672322 -0.30292570097731 -0.0658981255465947 0.189960454002284 0.0143552448386013 0.0127127920786636 -0.262660569518358 -0.14855268205056;0.148529476544865 -0.58617388210859 0.0563793780922467 -0.43815303972527 -0.434097881297289 -0.21812705768931 -0.158420616621191 0.258512495091287 -0.265965215029701 -0.0964298834762112 0.154583908800253 0.0751458647990604 -0.0407058277786412;-0.34566973961264 -0.21430653849066 0.357456163736007 -0.167701034669709 0.122037186072369 -0.108721858637561 0.403420647190638 -0.544649839263843 -0.265336480516319 -0.154906077701501 0.019201807416932 -0.149509459697517 0.274700346897205;0.115140566139215 -0.304832723063382 -0.317997793965167 0.223263034635199 0.114531436254211 -0.0171742188974316 -0.392864568352592 -0.426767843647749 -0.374612156191665 0.278112725664623 -0.322318630465288 -0.209295420579789 -0.166102642634013;0.0283100587819301 0.0925735944765728 -0.134625687896999 -0.239704250749034 0.508880096470527 0.115159387563927 -0.476583518974179 0.0877107619271566 -0.187446885772343 -0.269470187833989 0.294236957925615 -0.0275509485722472 0.461428046147353;0.48056127916855 0.295367088242241 0.233758759920364 -0.390552589123672 0.203285147340261 -0.0373271198535509 0.105027057701772 -0.112455493019502 -0.262956997612702 0.141071663850329 -0.328428334701111 0.449445236523534 -0.0966218560564125;-0.0773502017110625 -0.277161989044462 -0.457060857280548 -0.27132235783149 0.508213677832463 -0.19546271172517 0.392659063566927 0.229127970031806 0.16775922000244 -0.0870799638191509 -0.195128565731309 -0.0795605366729776 -0.226669442115999;-0.0487963904234878 -0.216503124614643 0.263181016398143 -0.106562414923561 -0.0158742855693852 0.204168976965802 -0.315387027289266 -0.0596415963618663 0.454527667137417 -0.390261994652237 -0.602019089351776 0.00954985121214264 0.06119186453314;-0.425033550903352 0.175932070501372 -0.239249159621096 -0.585632768707853 -0.175653586935641 0.244281682119562 -0.173696598071746 -0.284846837242882 0.197896083606458 0.315560737826378 0.105422920428731 0.0799010730076914 -0.17353075386359;-0.502650952140011 0.279952972066967 -0.215534993009082 0.101630828227297 -0.182239958912937 -0.140651831282074 -0.0501371631912642 0.197896475109431 -0.460301099905025 -0.344872101118393 -0.332991128978155 0.271023542418896 -0.048604359864128];
        case 14
            R = [-0.100348568486335 -0.295955246580686 0.0547831783216864 -0.43664913149469 -0.157213221037982 0.00388664625012484 0.526345260645227 -0.128730351758472 0.0294356118468006 -0.47984549837976 -0.256682434963333 -0.0379737468836229 0.0324379387185641 -0.301391441661407;-0.223917307584969 -0.154220239789398 -0.292390031715515 -0.157071831975899 -0.146612991199737 0.322110274937556 -0.0100332863932178 -0.110271620135317 0.457308775916911 0.0438019289268324 -0.159680323505853 -0.143763589239178 -0.196628820274441 0.618485389259614;-0.0210034394897998 0.3305087676161 -0.31006109881333 -0.306965064641565 -0.177162341997226 0.191573689102662 0.247525165196487 0.196509289876231 0.281057637302589 0.238679231272448 0.525554506051396 0.0250055522255487 0.220672098185853 -0.265510130958317;-0.0295939719395027 0.568335909266278 0.0996929580614382 0.120127675558217 0.0774697093619829 0.140477836997832 -0.0555908601948689 -0.00900162550122475 0.0697571045584667 -0.705576044976817 0.0855988182124659 0.00349050380878826 0.22919019277632 0.245501732261919;-0.0732451849183619 0.147353998834812 0.365947533317979 0.340176232943917 -0.208760106094371 0.02978499382336 0.519845145713688 -0.472997865164802 0.0447362550321449 0.219352986732988 0.155313375436777 0.275574663480441 -0.11221078816829 0.14858878006042;-0.121183188988765 -0.0552007702858734 -0.45195219386185 -0.0832059401149169 0.169442718509435 -0.423041410311558 0.0103043288275766 -0.153160761540171 -0.00937350284780628 -0.042411445798731 -0.0479114974411718 0.664065229882296 0.25404681046551 0.173607924857261;0.246885881466059 -0.243087797191544 -0.0375466315137816 0.183734849657796 -0.50475162097333 0.0843712437323838 -0.0873091830197804 0.388346544090309 0.000798707968069822 -0.292362084214537 0.212389949302967 0.417841669478772 -0.344504189005346 0.024459940744484;0.13485773817606 -0.0241766561359659 0.0141332981140195 -0.167668461691524 -0.375630869728643 -0.0642855437347067 -0.537586433914271 -0.646491314131669 0.138907581913212 -0.0786246395410491 0.147779017245804 -0.0347778488106738 0.0652563707102016 -0.21897799229051;0.0515677100261236 0.289502294153629 -0.50151758463847 0.204244352326302 -0.313625178002246 -0.422328456969081 0.19675414961722 -0.0742293253522324 -0.226942347031951 -0.0582158796765923 -0.0863371630594494 -0.402748297442122 -0.27329543873176 0.0103282454863177;-0.342239141387314 -0.0789739509517868 0.128767423606548 0.341344879499565 0.0309309222456422 -0.416675948981368 -0.0582717767214197 0.164249829850365 0.672998388896605 -0.0840530461342825 -0.000729342564694116 -0.0904555543026517 -0.0249922915729246 -0.264177656412011;-0.327840792589232 0.302405853171415 -0.202517625556385 0.0786587240930817 0.130289536609602 0.384022471793088 -0.133600483563026 -0.0991386712214234 -0.0353351400804894 0.0110123616645279 -0.307777386124387 0.287946354453572 -0.439863471972259 -0.435034025050055;-0.411705017578806 0.24788302519937 0.362333483313256 -0.511767264944583 -0.143235197846364 -0.343056732018556 -0.144201956083818 0.164348742593534 -0.168576267821973 0.0649178846276095 0.113785047908247 0.0698192834199828 -0.321960300962713 0.189050909613739;0.611538311933811 0.168632104052635 0.0471891113098314 -0.245620010925536 0.398003003630377 -0.17220763523977 0.100265670284074 -0.0862020053636286 0.345263612417713 -0.029074047701335 0.00715135214489963 0.0671834572852313 -0.452401394744329 0.014078727938774;0.261798039980854 0.317124266793345 0.151709355048862 -0.0695647894736816 -0.391178560701266 -0.0435456454001261 -0.0270080209703284 0.199661485465991 0.177354101147774 0.236257412484183 -0.645396006058386 0.147775264425907 0.286125238189986 0.00383904663487121];
        case 15
            R = [-0.266302922684514 -0.248905270781539 -0.0699948717512887 0.397781601718305 0.314649724159617 -0.462972806683141 0.0931512277220732 0.0409151740277962 -0.0133055058469601 0.209595240778619 0.00367351238493784 -0.23524417055954 0.0129574389003743 -0.127293469958478 0.514264450298528;-0.104354840566657 -0.0993637660417746 -0.383655336623747 -0.0840665112005766 -0.0350143504983692 -0.472443086161378 -0.0738266477559262 0.330507727587525 0.19557772168801 -0.257447265985508 -0.186975511065151 0.120167047888626 0.13171697999369 0.518059323450628 -0.214940877343797;0.433941236526896 -0.153685465123005 -0.0931793990706059 -0.214425090943417 0.30812359616135 -0.207256414312267 -0.141758841925549 -0.305514507833031 -0.247004041669799 0.0415932223767498 0.555540504910746 -0.131660430437481 -0.0380306088513978 0.301344113019491 -0.0336138292848431;0.451182600662097 -0.183819403708495 -0.168924780963653 -0.290920746028966 -0.167806180660733 -0.0353261243272806 0.243275905537046 0.0991270704424454 -0.367110312181095 -0.0865877238957984 -0.462462927836367 -0.28815366070566 0.200232941091421 -0.152952330420586 0.219996547313021;0.180626464770107 -0.0547445074234697 -0.314115658351833 0.388721222129401 -0.458658964884118 0.277845772415602 -0.145436616708654 0.135162646433982 -0.168919277371139 0.223413439372848 0.135436137136667 0.218102938611398 -0.114732604859807 0.32166237238083 0.355848050901702;0.38168915835586 0.157972622336748 0.609514137876903 0.161602239796918 -0.013582714097656 -0.28735785188692 -0.0162939908547078 -0.0813774008810744 0.102323904507869 0.0599045045689153 -0.195864645053749 0.364906344827768 0.279126107155633 0.212246751546463 0.183166782234456;0.323919436595187 -0.313615599359538 0.0899034607526462 0.349085981814058 0.352256234712952 0.347780233983851 -0.280855235427397 0.22943845358094 0.249069605386239 -0.426728844609162 -0.101299248051521 -0.178416878519223 -0.0614034221719673 -0.00799534784334073 -0.0126089254335168;-0.142018033144888 -0.406231822152496 -0.0468525956278459 0.0781687442203594 0.120236810986326 -0.0660313270973209 -0.297519111785003 -0.230755950196613 -0.465277203930309 -0.0482145200249104 -0.258410400575861 0.52493197821477 -0.0684891711558367 -0.203377751944146 -0.196793799371925;0.15955281493242 0.131250586938146 -0.183188106568696 0.142576232861191 -0.0333851692995883 -0.143669047011866 0.168039134360376 0.293728436086397 -0.0595037292637493 -0.312822531269447 0.462869316616916 0.32071392138758 0.339552159074767 -0.482960398886887 -0.0105327841035318;-0.111279767881123 -0.573700195573964 0.378410184877903 -0.256644572521589 -0.372312006720368 -0.0868121069795007 0.201726127978739 0.121254155636465 0.121541408309888 -0.225731900232637 0.259374260541054 0.0793825783597318 -0.289359969036153 0.00918848465762576 0.157347372313856;-0.334760759354843 0.126670367160561 0.217364142386338 0.254197980891886 -0.113414084860338 0.0892634087589271 0.0974178012756339 -0.152127080413855 -0.478271062037881 -0.493126297393695 0.0831988079127963 -0.26058192073232 0.257950737506471 0.305406162014432 0.0030399037638545;0.2361321325115 0.0247592848637475 -0.185939886579851 0.400381615906237 -0.186058329654439 -0.205213297198253 0.409183858456672 -0.481720462052059 0.179900324771283 -0.198773468602909 -0.105273005482103 -0.0271167604993105 -0.3572525340205 -0.061494990943437 -0.239644593175006;0.0250934606391086 0.272875040369065 -0.000995027154819669 -0.0852628746872314 -0.32480278970313 -0.317505712963568 -0.655005261411579 -0.118231944297135 0.0422039473000484 -0.269676435792034 -0.0185864120430151 -0.200946180776385 -0.205441369543769 -0.256108156181517 0.212820224960012;-0.0696108534633788 0.260618544812952 -0.167337044920856 -0.267129488937176 0.340703615288461 0.152159024437939 0.181736603701945 -0.129290141381024 0.0286229214637357 -0.368014499077239 -0.0910885079670745 0.350408100345945 -0.278531426162603 0.12111026058243 0.528500378363718;0.108525748140748 0.272090088352683 0.208953943733423 0.0956785186599634 0.137074934030957 -0.175916689708885 0.0993318961833803 0.517950591427331 -0.407735335346419 0.0546052513314779 -0.0248202040447579 -0.02790859170398 -0.573086690457565 0.0248516278479191 -0.183919626168397];
        case 16
            R = [0.338631760407441 -0.36167264402919 0.115693908358197 0.109595507660201 -0.350298678086061 0.364906093280661 0.376556031716049 0.234120703478859 -0.398250544628286 -0.130921977879834 -0.0907064890220795 -0.0893407469046767 -0.0900502956038047 0.0974520893960143 -0.109955547268697 0.234527012163629;-0.0694045834395832 -0.348946696038745 -0.0521940643159056 0.192528577481618 -0.32155589745653 0.0207417900714358 0.094252585513729 0.227635694922223 0.271155208532719 0.0816037591159017 0.310665406758729 0.222849816776799 0.421377165454004 0.0576550216465949 0.0847302634754995 -0.504654699824632;-0.113975322666684 0.00669207458145498 -0.20132520423841 0.487664981188623 0.0951763284075737 -0.241243773792877 0.223881427786183 0.112188904270059 -0.249885502229321 0.112982431199974 0.325628001868161 -0.0474192039503574 -0.391866548883457 -0.342621697075625 0.352413819391109 -0.00387870632789813;0.497740536800899 -0.224336138243089 -0.392577554463883 -0.118691801196423 -0.0966697057573245 -0.0486080398783915 -0.101477319694294 -0.0518810136515459 0.398572865400033 -0.129641545835366 -0.204887181288139 0.113242807265891 -0.0367501848278922 -0.420072857198225 0.260486408370748 0.181358251376849;0.208148234332461 0.0780088384582719 -0.148959938958835 -0.168055771855396 -0.333983357119035 -0.301941698866893 -0.00791536021169281 -0.17382768339531 -0.0560838869778043 0.275496571040864 0.323047535350624 -0.64217127525613 0.230629325100659 0.0646448151378965 -0.035287854406324 0.112974549018531;0.150511180960163 -0.160525140156199 -0.142740602357524 -0.164627656725112 0.00382227073288857 -0.320675781110341 -0.0510333623097712 0.0426536611855762 -0.121220239807463 0.105671654290746 -0.159121206703491 0.148965868914189 -0.266321245502254 0.684719973108917 0.41177261197493 -0.118883340724018;-0.312336207642602 -0.465045007932686 0.0691151702975126 0.289144106141235 0.0729757554051764 -0.166109061042749 -0.0595900109310322 -0.213850602771056 -0.0685127662566817 0.335722345374797 -0.446594374187555 -0.0690476773323188 0.317869972808726 -0.0495657634461491 0.0753242671720262 0.291217862597077;0.0998490950309415 -0.0380621859256492 0.0947314081525328 -0.0270288520031445 -0.130248761239128 -0.254709296935585 0.272958363242004 -0.689897826664103 -0.180848593426231 -0.176851648572016 0.211525515468616 0.464729771791545 0.0626319156999119 -0.0226380378889123 -0.124771256479797 0.0432129233646542;0.137030321169331 0.0729720784138429 -0.193731957506958 -0.0678391233253569 0.113050981647006 0.588824357784814 -0.16515649729587 -0.219741746396187 -0.192943084730231 0.582341771274873 0.200454173458254 0.226495245077947 0.053628785638744 0.00850196865368935 0.163578738710831 0.0341835964169918;-0.247547411526567 0.121411482789135 -0.636121635043044 0.123804621435584 -0.0412691477825457 0.0699657865047526 -0.164718780684841 0.0748170623932182 -0.241571863170007 -0.418297549520989 0.0745459094169528 0.0842014022527503 0.324030456226304 0.19914277982611 -0.015050940928252 0.271691186376506;-0.0803121184728874 -0.173963605354238 -0.241985047907411 -0.478508215754853 0.473109451940662 -0.106938207051955 0.560787636401759 0.215697657621165 -0.0352208085009609 0.136538591559771 0.062397593305572 0.0328602692317366 0.169729576143513 -0.0795634460166315 -0.134864290693163 0.0360522988245285;-0.14588861842601 -0.324701829918595 0.376340197592238 -0.277644568364983 0.152289596586922 0.0975662941316155 -0.222535262799686 0.0112759922522996 -0.00877963027449405 -0.291272628289097 0.442766593301335 -0.0791793432646771 0.0720523812653578 -0.0299236782712784 0.443195274510275 0.287174013218327;0.0526747974230923 -0.516128009313502 -0.216417435856304 0.117272811815599 0.27792815238104 0.0472090346814856 -0.28722385976358 -0.180361853390477 0.0607803312323674 -0.0725389505356975 0.225907558326324 -0.171619059898796 -0.331567641598898 0.111200842837985 -0.48969993841209 -0.155547090760795;-0.246523975052313 -0.0131226449093676 -0.00542119543154919 -0.0916049374865153 -0.33315450078741 -0.12639201997349 -0.049103391356881 0.241127471291593 0.294685517479141 0.287482804833179 0.207796121759296 0.323775688201528 -0.287282257673502 0.0768126755853717 -0.268678311857006 0.514778833751821;0.258743001363154 -0.0395861117027339 0.123197011784469 -0.107594224003418 0.0362931742962499 -0.346287383526208 -0.447243126116254 0.344954006635669 -0.492630017846924 0.097355447371893 0.0165059585031395 0.260227239397231 0.169899635894819 -0.265266929341458 -0.199379154612066 -0.0730862054812468;0.456054017096234 0.153625041681776 0.168854737504493 0.446799249555486 0.413010734290035 -0.093264912734634 0.0694867351490368 0.119005164634341 0.247403673960115 0.0247747662430079 0.182256835569595 0.0650108022653447 0.259105677118763 0.285920023177429 -0.0574220136556192 0.300925435024171];
        case 17
            R = [-0.0244532460016678 -0.0946291325207411 0.2329629483611 0.165628697357605 0.107475371012999 0.356029480776357 -0.316694948529256 -0.0122128709019871 0.278120344888733 0.0857544582805017 -0.39493013261982 0.38829927097027 -0.230084436300942 0.273451521374263 -0.298935102913812 -0.146781862718902 -0.199793378155268;0.157968137958312 -0.259855357734477 0.501281246446204 -0.519041512737346 -0.163256122452437 -0.0895832743805103 0.17309641589311 -0.316282162585594 -0.0940188555116948 -0.106870031752021 0.0654719713074314 0.13466676543439 0.290817983950542 0.090341793048286 -0.106669830548271 -0.163429393511598 -0.22057415066296;-0.0147601503489108 0.00164096455730818 -0.0195863574024594 -0.324602457015691 0.125587253874437 0.196418934321565 -0.000376807396190173 -0.19028091278119 0.0668485558792136 0.0114007251065761 0.0119622816066589 -0.39773426411474 -0.490856147645587 0.381061580876231 0.477910373439059 -0.134054325112807 -0.089546751141444;0.107990169767105 0.316505985683053 0.206156103562696 0.150378964111917 -0.606281017943544 -0.18530431238873 -0.0870073959697313 0.200920919123806 0.0264323443067709 -0.153114345219696 0.17580923914829 -0.276485484681118 -0.259885273196311 0.241992651501108 -0.297854733951848 -0.00343213080880996 -0.163915358530866;0.0659392002760114 0.118469364028636 -0.313367753589078 -0.267637311681421 -0.234523003491598 -0.172981600231434 0.274722873558143 0.195012216360718 -0.00300592709766381 0.134882890093737 -0.704164867690552 -0.000414767610809198 0.165663750251764 0.256641067587265 0.0170402662287831 0.0750840687423003 -0.00860178803165861;0.149888936465257 0.0488869468016849 -0.476558895995743 0.0231731528429753 -0.0853574641154112 -0.0180505199065635 -0.407717949479565 -0.371116942412267 0.050258642323863 -0.496267714964919 0.0170418449740028 0.0294754849769192 0.277332125822667 0.212790503326287 -0.0256008158990175 -0.238515293629708 0.0788664024878622;0.0505146476114924 0.182802536529753 0.0776932268248759 0.316223013391466 -0.168306981922622 0.262812826342197 0.22959745895832 -0.506940312898509 -0.0916004411053044 -0.204001753328015 -0.265928209539632 -0.0428966175594553 -0.0312361042510275 -0.247842667571113 0.16094284051487 0.38901733400953 -0.297813567047393;-0.638394853822897 0.169708694494288 -0.128125988494406 -0.197788809198781 -0.253080184826502 0.198900676490977 0.0291575731990497 -0.110195173983914 0.389270617636675 0.165024951759913 0.273814561847927 0.124555569722452 0.236803547508301 0.131046061514159 0.00280287583395835 0.208605745681048 -0.0740508735027866;-0.609364621577311 -0.444269832855256 -0.0695852994874029 0.0986773757171917 -0.0774970719202374 0.0339994289318011 0.0500281993574057 0.0360134292058126 -0.406962062299331 -0.241761306408881 -0.176869343920537 -0.257687111235071 -0.0778029143674732 -0.00297713360031629 -0.215961004679963 -0.162255048188929 -0.0705557616838416;-0.205101842766577 0.00741686682081402 0.410616960480554 -0.0878405537436927 0.0370191046421887 -0.201726406507709 -0.291519176246078 0.202740637067989 0.129553805306373 -0.470027842469578 -0.220226050805924 0.0586222230376625 0.0374050194474166 0.0206158995514952 0.328744633349601 0.351355857637235 0.300682983780796;-0.140784250040082 -0.11728273499796 0.0477386121481014 0.216997179545771 0.045656907114272 -0.666721573935004 -0.280578524679972 -0.40069106952094 0.0376345425601096 0.418293910806512 -0.0857415936323643 -0.0709406756244247 -0.0186754780452006 0.0957182264649517 0.0759714642149556 0.0812482956113148 -0.143261633899892;0.228567658515531 -0.569624695296128 -0.121553011029083 0.187685295180663 0.0660601535939582 -0.0173760625049698 0.2672686543795 0.0480271722094219 0.378658056165079 -0.131877402456853 0.14468571154392 -0.153946899899525 0.0366187596404073 0.311945684458866 -0.135342502377707 0.415333052102526 0.00112094916815222;0.104542030899832 -0.371582121588023 -0.155720207007713 -0.105188606291431 -0.564616164863953 0.0656671577595717 -0.128605410321293 -0.105744105659513 -0.0907695001229629 0.149508673139011 0.0339840380008449 0.34663550293307 -0.367849764729516 -0.182744156526896 0.15811911581385 0.089528103883538 0.333512613992332;0.110767516667406 -0.0903790847432279 -0.198921932407404 -0.421038196012942 0.07775245890314 0.0520663348049175 -0.460304034471529 0.154039308940272 -0.0349974220446106 0.017009088213302 -0.0183968659593002 -0.184852398001511 -0.0528093170693998 -0.325886009142915 -0.190613102000494 0.379033364306989 -0.439706352547369;-0.0957271961518823 0.231191529997225 -0.14570414922506 -0.206131005822217 0.288757694949928 -0.23611864875984 0.207864541412935 -0.178167889264553 -0.240545515294951 -0.203280870509734 0.124540759787438 0.375755117862068 -0.409843200654692 0.19595448307968 -0.335484301047855 0.281382857595413 0.074829129577236;-0.0863719522127747 -0.0630201572362222 -0.146189346899362 -0.0125017285049201 -0.0166058485972829 -0.322440072096842 0.233708758796938 0.112100342274618 0.456043198533875 -0.29672966647403 -0.0193921886317766 0.201899334191709 -0.247648811637539 -0.364900395102666 0.152329703783046 -0.332122804954517 -0.361186491737472;-0.0193984593800611 0.0733356185333803 0.0829392634699148 -0.182064544513759 0.0382827594873485 0.00273122142338378 0.0548641086638474 -0.306382942847699 0.379055210429963 0.02400196150718 -0.203502193284992 -0.378649328406887 -0.12669233040764 -0.324803351348693 -0.42355264994706 -0.0796345321770962 0.468541873041631];
        case 18
